3133440 3129344
23101440 22417408
23101440 22417408
23101440 22417408
23101440 22417408
23101440 22417408
23101440 22417408
23101440 22417408
23101440 22417408
23101440 22417408
23101440 22417408
23101440 22417408
23101440 22417408
23101440 22417408
23101440 22417408
23101440 22417408
23101440 22417408
23101440 22417408
23101440 22417408
23101440 22417408
23101440 22417408
23101440 22417408
23101440 22417408
23101440 22417408
23101440 22417408
23101440 22417408
23101440 22417408
23101440 22417408
23101440 22417408
23101440 22417408
23101440 22417408
23101440 22417408
23101440 22417408
23101440 22417408
23101440 22417408
23101440 22417408
23101440 22417408
23101440 22417408
23101440 22417408
23240704 23236608